, ’ 111111 111 memes. 118· 1824. 111»

2111111111 (111113 fiber 18111111 1118 ’18111611ῢὶ11 (bg) aggo),

ffiernbotbl (1111). (1111111111 11111111111111ῡ1)ῶ111111

’1111111111.1111111113. . 3111.

8 ἑ 1111181Ο ἓ 11 (11.1.),811111111111111 111οῶ111111111111ὲ11ἓὲῗῖ

1811111(1.ξ1.) 11111 ῶ11111111111111118111111111111111 111
1111111111 1111111111. 918. 1884. 111 20 8111251511.)

1811111111, 111 1111111111, 11111111 111 ὦ. 1181811111..
8111111.8.18113.. . . 418111.

9511111111 (3. 61.) 111 &tofi 811 1111111111 8111111 11111111.

11118111. 914. 111117 111111111121111111111, 11111. .
1823. . . 11111.

11111111. 11111 111111111111111111111111 1111111, 1111·
11111111111111111111111. ,. . 51111.

ff Cervantes (Miguel do) El ingenioso hidalgo Don

· Quixote de 111 Mancha, 6V01. 21111 11111111 Θῴ111111111
1111 mit 1111111 1. 1111111111 1111 1111111111 111 Uer:

, ,1111111181881111111 . 61111, .

1111111811111, 1111181181111111111111111 18111 1111 mit

1111111211111111111111 1111 3111111111 111111111111. (Ξ). 81.
1111. 911. 1111. . 9111111111)

11111 11. 1111.) 1111 381. ffifiscbtng’ss [1111111111
1811111111 1111 (8111111111 111 1111111111 111111, 1111111111
1111113111 81111 11111611 31111. 118. 1811, 211111.

ᾧ11111111 (11118.) 111111 11111111111111111111111 11111111
8111111111 1111ῶ111111 1111 8111111111. 1011 1111111111
1111 1111111111 2111111181. 8. 1821. 1111111111.)

. 1111111111 (111. 18)-111 11111 1111111111. 111111. 11111111

k?

Ξ,

1111111 8111111111. 1111 11111 1111111111 11111 111111 &nn 1111
3111111111111. 2811111. 81803. . 31111.

3811111 (8.) 111111111111131111111111111111111111 8111 ,
11111111 1811811111111111111111118111111 1111 ben 1111111
111111 311111111111111111 1111 1811111111. 811811 111111111111111
111 ben 8111111111 1111 11111 merem. 3111111111118111

1111 11111181. 2181181. 1822. 118. 111.
1111111111 11111, 111111. 1111111111 11- 1111.
1111111111 11111. 2111111. 1111111113 11111.

 

